102001   Sophia 58 79 69 65 77 71 54 79 66 63
102002     Jack 69 88 35 74 74 89 56 52 44 55
102003     Emma 47 57 38 81 82 86 43 72 67 46
102004    Lucas 75 84 36 77 66 72 60 73 45 51
102005   Olivia 60 56 46 84 70 70 34 73 53 69
102006    Markl 75 54 66 59 52 74 37 68 49 58
102007 Isabella 68 72 40 95 65 68 32 52 66 75
102008    Jacob 86 87 60 75 55 83 36 75 69 77
102009      Ava 65 54 48 61 64 56 49 76 40 45
102010     Eric 53 55 51 91 53 78 44 79 59 42
102011     Lily 66 59 37 78 56 70 53 81 51 74
102012      Ben 47 87 44 81 58 80 44 60 35 53
102013      Zoe 60 64 67 87 49 56 70 69 66 74
102014     Carl 52 55 51 94 71 92 66 53 69 55
102015    Chloe 64 68 34 82 49 92 65 57 50 55
102016      Dan 69 68 33 84 65 67 36 51 55 64
102017      Mia 54 62 45 91 43 75 62 77 35 44
102018     Gary 58 62 52 94 69 88 66 74 38 61
102019     Lulu 72 56 55 68 68 96 40 42 56 47
102020    Timmy 60 60 50 84 81 63 35 73 65 67
