2 2
1.13397 0.5
2.86603 0.5
2 2


4 2
3.71132 1.5
3.13397 1.5
3.42265 1
3.13397 0.5
3.71132 0.5
4 3.33067e-16
4.28868 0.5
4.86603 0.5
4.57735 1
4.86603 1.5
4.28868 1.5
4 2


6 2
5.90377 1.83333
5.71132 1.83333
5.80755 1.66667
5.71132 1.5
5.51887 1.5
5.42265 1.66667
5.32642 1.5
5.13397 1.5
5.2302 1.33333
5.13397 1.16667
5.32642 1.16667
5.42265 1
5.32642 0.833333
5.13397 0.833333
5.2302 0.666667
5.13397 0.5
5.32642 0.5
5.42265 0.333333
5.51887 0.5
5.71132 0.5
5.80755 0.333333
5.71132 0.166667
5.90377 0.166667
6 1.11022e-15
6.09623 0.166667
6.28868 0.166667
6.19245 0.333333
6.28868 0.5
6.48113 0.5
6.57735 0.333333
6.67358 0.5
6.86603 0.5
6.7698 0.666667
6.86603 0.833333
6.67358 0.833333
6.57735 1
6.67358 1.16667
6.86603 1.16667
6.7698 1.33333
6.86603 1.5
6.67358 1.5
6.57735 1.66667
6.48113 1.5
6.28868 1.5
6.19245 1.66667
6.28868 1.83333
6.09623 1.83333
6 2


8 2
7.96792 1.94444
7.90377 1.94444
7.93585 1.88889
7.90377 1.83333
7.83962 1.83333
7.80755 1.88889
7.77547 1.83333
7.71132 1.83333
7.7434 1.77778
7.71132 1.72222
7.77547 1.72222
7.80755 1.66667
7.77547 1.61111
7.71132 1.61111
7.7434 1.55556
7.71132 1.5
7.64717 1.5
7.6151 1.55556
7.58302 1.5
7.51887 1.5
7.4868 1.55556
7.51887 1.61111
7.45472 1.61111
7.42265 1.66667
7.39057 1.61111
7.32642 1.61111
7.3585 1.55556
7.32642 1.5
7.26227 1.5
7.2302 1.55556
7.19812 1.5
7.13397 1.5
7.16605 1.44444
7.13397 1.38889
7.19812 1.38889
7.2302 1.33333
7.19812 1.27778
7.13397 1.27778
7.16605 1.22222
7.13397 1.16667
7.19812 1.16667
7.2302 1.11111
7.26227 1.16667
7.32642 1.16667
7.3585 1.11111
7.32642 1.05556
7.39057 1.05556
7.42265 1
7.39057 0.944444
7.32642 0.944444
7.3585 0.888889
7.32642 0.833333
7.26227 0.833333
7.2302 0.888889
7.19812 0.833333
7.13397 0.833333
7.16605 0.777778
7.13397 0.722222
7.19812 0.722222
7.2302 0.666667
7.19812 0.611111
7.13397 0.611111
7.16605 0.555556
7.13397 0.5
7.19812 0.5
7.2302 0.444444
7.26227 0.5
7.32642 0.5
7.3585 0.444444
7.32642 0.388889
7.39057 0.388889
7.42265 0.333333
7.45472 0.388889
7.51887 0.388889
7.4868 0.444444
7.51887 0.5
7.58302 0.5
7.6151 0.444444
7.64717 0.5
7.71132 0.5
7.7434 0.444444
7.71132 0.388889
7.77547 0.388889
7.80755 0.333333
7.77547 0.277778
7.71132 0.277778
7.7434 0.222222
7.71132 0.166667
7.77547 0.166667
7.80755 0.111111
7.83962 0.166667
7.90377 0.166667
7.93585 0.111111
7.90377 0.0555556
7.96792 0.0555556
8 -1.22125e-15
8.03208 0.0555556
8.09623 0.0555556
8.06415 0.111111
8.09623 0.166667
8.16038 0.166667
8.19245 0.111111
8.22453 0.166667
8.28868 0.166667
8.2566 0.222222
8.28868 0.277778
8.22453 0.277778
8.19245 0.333333
8.22453 0.388889
8.28868 0.388889
8.2566 0.444444
8.28868 0.5
8.35283 0.5
8.3849 0.444444
8.41698 0.5
8.48113 0.5
8.5132 0.444444
8.48113 0.388889
8.54528 0.388889
8.57735 0.333333
8.60943 0.388889
8.67358 0.388889
8.6415 0.444444
8.67358 0.5
8.73773 0.5
8.7698 0.444444
8.80188 0.5
8.86603 0.5
8.83395 0.555556
8.86603 0.611111
8.80188 0.611111
8.7698 0.666667
8.80188 0.722222
8.86603 0.722222
8.83395 0.777778
8.86603 0.833333
8.80188 0.833333
8.7698 0.888889
8.73773 0.833333
8.67358 0.833333
8.6415 0.888889
8.67358 0.944444
8.60943 0.944444
8.57735 1
8.60943 1.05556
8.67358 1.05556
8.6415 1.11111
8.67358 1.16667
8.73773 1.16667
8.7698 1.11111
8.80188 1.16667
8.86603 1.16667
8.83395 1.22222
8.86603 1.27778
8.80188 1.27778
8.7698 1.33333
8.80188 1.38889
8.86603 1.38889
8.83395 1.44444
8.86603 1.5
8.80188 1.5
8.7698 1.55556
8.73773 1.5
8.67358 1.5
8.6415 1.55556
8.67358 1.61111
8.60943 1.61111
8.57735 1.66667
8.54528 1.61111
8.48113 1.61111
8.5132 1.55556
8.48113 1.5
8.41698 1.5
8.3849 1.55556
8.35283 1.5
8.28868 1.5
8.2566 1.55556
8.28868 1.61111
8.22453 1.61111
8.19245 1.66667
8.22453 1.72222
8.28868 1.72222
8.2566 1.77778
8.28868 1.83333
8.22453 1.83333
8.19245 1.88889
8.16038 1.83333
8.09623 1.83333
8.06415 1.88889
8.09623 1.94444
8.03208 1.94444
8 2


10 2
9.98931 1.98148
9.96792 1.98148
9.97862 1.96296
9.96792 1.94444
9.94654 1.94444
9.93585 1.96296
9.92516 1.94444
9.90377 1.94444
9.91447 1.92593
9.90377 1.90741
9.92516 1.90741
9.93585 1.88889
9.92516 1.87037
9.90377 1.87037
9.91447 1.85185
9.90377 1.83333
9.88239 1.83333
9.8717 1.85185
9.86101 1.83333
9.83962 1.83333
9.82893 1.85185
9.83962 1.87037
9.81824 1.87037
9.80755 1.88889
9.79686 1.87037
9.77547 1.87037
9.78617 1.85185
9.77547 1.83333
9.75409 1.83333
9.7434 1.85185
9.73271 1.83333
9.71132 1.83333
9.72202 1.81481
9.71132 1.7963
9.73271 1.7963
9.7434 1.77778
9.73271 1.75926
9.71132 1.75926
9.72202 1.74074
9.71132 1.72222
9.73271 1.72222
9.7434 1.7037
9.75409 1.72222
9.77547 1.72222
9.78617 1.7037
9.77547 1.68519
9.79686 1.68519
9.80755 1.66667
9.79686 1.64815
9.77547 1.64815
9.78617 1.62963
9.77547 1.61111
9.75409 1.61111
9.7434 1.62963
9.73271 1.61111
9.71132 1.61111
9.72202 1.59259
9.71132 1.57407
9.73271 1.57407
9.7434 1.55556
9.73271 1.53704
9.71132 1.53704
9.72202 1.51852
9.71132 1.5
9.68994 1.5
9.67925 1.51852
9.66856 1.5
9.64717 1.5
9.63648 1.51852
9.64717 1.53704
9.62579 1.53704
9.6151 1.55556
9.60441 1.53704
9.58302 1.53704
9.59372 1.51852
9.58302 1.5
9.56164 1.5
9.55095 1.51852
9.54026 1.5
9.51887 1.5
9.50818 1.51852
9.51887 1.53704
9.49749 1.53704
9.4868 1.55556
9.49749 1.57407
9.51887 1.57407
9.50818 1.59259
9.51887 1.61111
9.49749 1.61111
9.4868 1.62963
9.47611 1.61111
9.45472 1.61111
9.44403 1.62963
9.45472 1.64815
9.43334 1.64815
9.42265 1.66667
9.41196 1.64815
9.39057 1.64815
9.40127 1.62963
9.39057 1.61111
9.36919 1.61111
9.3585 1.62963
9.34781 1.61111
9.32642 1.61111
9.33712 1.59259
9.32642 1.57407
9.34781 1.57407
9.3585 1.55556
9.34781 1.53704
9.32642 1.53704
9.33712 1.51852
9.32642 1.5
9.30504 1.5
9.29435 1.51852
9.28366 1.5
9.26227 1.5
9.25158 1.51852
9.26227 1.53704
9.24089 1.53704
9.2302 1.55556
9.21951 1.53704
9.19812 1.53704
9.20882 1.51852
9.19812 1.5
9.17674 1.5
9.16605 1.51852
9.15536 1.5
9.13397 1.5
9.14467 1.48148
9.13397 1.46296
9.15536 1.46296
9.16605 1.44444
9.15536 1.42593
9.13397 1.42593
9.14467 1.40741
9.13397 1.38889
9.15536 1.38889
9.16605 1.37037
9.17674 1.38889
9.19812 1.38889
9.20882 1.37037
9.19812 1.35185
9.21951 1.35185
9.2302 1.33333
9.21951 1.31481
9.19812 1.31481
9.20882 1.2963
9.19812 1.27778
9.17674 1.27778
9.16605 1.2963
9.15536 1.27778
9.13397 1.27778
9.14467 1.25926
9.13397 1.24074
9.15536 1.24074
9.16605 1.22222
9.15536 1.2037
9.13397 1.2037
9.14467 1.18519
9.13397 1.16667
9.15536 1.16667
9.16605 1.14815
9.17674 1.16667
9.19812 1.16667
9.20882 1.14815
9.19812 1.12963
9.21951 1.12963
9.2302 1.11111
9.24089 1.12963
9.26227 1.12963
9.25158 1.14815
9.26227 1.16667
9.28366 1.16667
9.29435 1.14815
9.30504 1.16667
9.32642 1.16667
9.33712 1.14815
9.32642 1.12963
9.34781 1.12963
9.3585 1.11111
9.34781 1.09259
9.32642 1.09259
9.33712 1.07407
9.32642 1.05556
9.34781 1.05556
9.3585 1.03704
9.36919 1.05556
9.39057 1.05556
9.40127 1.03704
9.39057 1.01852
9.41196 1.01852
9.42265 1
9.41196 0.981481
9.39057 0.981481
9.40127 0.962963
9.39057 0.944444
9.36919 0.944444
9.3585 0.962963
9.34781 0.944444
9.32642 0.944444
9.33712 0.925926
9.32642 0.907407
9.34781 0.907407
9.3585 0.888889
9.34781 0.87037
9.32642 0.87037
9.33712 0.851852
9.32642 0.833333
9.30504 0.833333
9.29435 0.851852
9.28366 0.833333
9.26227 0.833333
9.25158 0.851852
9.26227 0.87037
9.24089 0.87037
9.2302 0.888889
9.21951 0.87037
9.19812 0.87037
9.20882 0.851852
9.19812 0.833333
9.17674 0.833333
9.16605 0.851852
9.15536 0.833333
9.13397 0.833333
9.14467 0.814815
9.13397 0.796296
9.15536 0.796296
9.16605 0.777778
9.15536 0.759259
9.13397 0.759259
9.14467 0.740741
9.13397 0.722222
9.15536 0.722222
9.16605 0.703704
9.17674 0.722222
9.19812 0.722222
9.20882 0.703704
9.19812 0.685185
9.21951 0.685185
9.2302 0.666667
9.21951 0.648148
9.19812 0.648148
9.20882 0.62963
9.19812 0.611111
9.17674 0.611111
9.16605 0.62963
9.15536 0.611111
9.13397 0.611111
9.14467 0.592593
9.13397 0.574074
9.15536 0.574074
9.16605 0.555556
9.15536 0.537037
9.13397 0.537037
9.14467 0.518519
9.13397 0.5
9.15536 0.5
9.16605 0.481481
9.17674 0.5
9.19812 0.5
9.20882 0.481481
9.19812 0.462963
9.21951 0.462963
9.2302 0.444444
9.24089 0.462963
9.26227 0.462963
9.25158 0.481481
9.26227 0.5
9.28366 0.5
9.29435 0.481481
9.30504 0.5
9.32642 0.5
9.33712 0.481481
9.32642 0.462963
9.34781 0.462963
9.3585 0.444444
9.34781 0.425926
9.32642 0.425926
9.33712 0.407407
9.32642 0.388889
9.34781 0.388889
9.3585 0.37037
9.36919 0.388889
9.39057 0.388889
9.40127 0.37037
9.39057 0.351852
9.41196 0.351852
9.42265 0.333333
9.43334 0.351852
9.45472 0.351852
9.44403 0.37037
9.45472 0.388889
9.47611 0.388889
9.4868 0.37037
9.49749 0.388889
9.51887 0.388889
9.50818 0.407407
9.51887 0.425926
9.49749 0.425926
9.4868 0.444444
9.49749 0.462963
9.51887 0.462963
9.50818 0.481481
9.51887 0.5
9.54026 0.5
9.55095 0.481481
9.56164 0.5
9.58302 0.5
9.59372 0.481481
9.58302 0.462963
9.60441 0.462963
9.6151 0.444444
9.62579 0.462963
9.64717 0.462963
9.63648 0.481481
9.64717 0.5
9.66856 0.5
9.67925 0.481481
9.68994 0.5
9.71132 0.5
9.72202 0.481481
9.71132 0.462963
9.73271 0.462963
9.7434 0.444444
9.73271 0.425926
9.71132 0.425926
9.72202 0.407407
9.71132 0.388889
9.73271 0.388889
9.7434 0.37037
9.75409 0.388889
9.77547 0.388889
9.78617 0.37037
9.77547 0.351852
9.79686 0.351852
9.80755 0.333333
9.79686 0.314815
9.77547 0.314815
9.78617 0.296296
9.77547 0.277778
9.75409 0.277778
9.7434 0.296296
9.73271 0.277778
9.71132 0.277778
9.72202 0.259259
9.71132 0.240741
9.73271 0.240741
9.7434 0.222222
9.73271 0.203704
9.71132 0.203704
9.72202 0.185185
9.71132 0.166667
9.73271 0.166667
9.7434 0.148148
9.75409 0.166667
9.77547 0.166667
9.78617 0.148148
9.77547 0.12963
9.79686 0.12963
9.80755 0.111111
9.81824 0.12963
9.83962 0.12963
9.82893 0.148148
9.83962 0.166667
9.86101 0.166667
9.8717 0.148148
9.88239 0.166667
9.90377 0.166667
9.91447 0.148148
9.90377 0.12963
9.92516 0.12963
9.93585 0.111111
9.92516 0.0925926
9.90377 0.0925926
9.91447 0.0740741
9.90377 0.0555556
9.92516 0.0555556
9.93585 0.037037
9.94654 0.0555556
9.96792 0.0555556
9.97862 0.037037
9.96792 0.0185185
9.98931 0.0185185
10 1.11022e-15
10.0107 0.0185185
10.0321 0.0185185
10.0214 0.037037
10.0321 0.0555556
10.0535 0.0555556
10.0642 0.037037
10.0748 0.0555556
10.0962 0.0555556
10.0855 0.0740741
10.0962 0.0925926
10.0748 0.0925926
10.0642 0.111111
10.0748 0.12963
10.0962 0.12963
10.0855 0.148148
10.0962 0.166667
10.1176 0.166667
10.1283 0.148148
10.139 0.166667
10.1604 0.166667
10.1711 0.148148
10.1604 0.12963
10.1818 0.12963
10.1925 0.111111
10.2031 0.12963
10.2245 0.12963
10.2138 0.148148
10.2245 0.166667
10.2459 0.166667
10.2566 0.148148
10.2673 0.166667
10.2887 0.166667
10.278 0.185185
10.2887 0.203704
10.2673 0.203704
10.2566 0.222222
10.2673 0.240741
10.2887 0.240741
10.278 0.259259
10.2887 0.277778
10.2673 0.277778
10.2566 0.296296
10.2459 0.277778
10.2245 0.277778
10.2138 0.296296
10.2245 0.314815
10.2031 0.314815
10.1925 0.333333
10.2031 0.351852
10.2245 0.351852
10.2138 0.37037
10.2245 0.388889
10.2459 0.388889
10.2566 0.37037
10.2673 0.388889
10.2887 0.388889
10.278 0.407407
10.2887 0.425926
10.2673 0.425926
10.2566 0.444444
10.2673 0.462963
10.2887 0.462963
10.278 0.481481
10.2887 0.5
10.3101 0.5
10.3208 0.481481
10.3314 0.5
10.3528 0.5
10.3635 0.481481
10.3528 0.462963
10.3742 0.462963
10.3849 0.444444
10.3956 0.462963
10.417 0.462963
10.4063 0.481481
10.417 0.5
10.4384 0.5
10.4491 0.481481
10.4597 0.5
10.4811 0.5
10.4918 0.481481
10.4811 0.462963
10.5025 0.462963
10.5132 0.444444
10.5025 0.425926
10.4811 0.425926
10.4918 0.407407
10.4811 0.388889
10.5025 0.388889
10.5132 0.37037
10.5239 0.388889
10.5453 0.388889
10.556 0.37037
10.5453 0.351852
10.5667 0.351852
10.5774 0.333333
10.588 0.351852
10.6094 0.351852
10.5987 0.37037
10.6094 0.388889
10.6308 0.388889
10.6415 0.37037
10.6522 0.388889
10.6736 0.388889
10.6629 0.407407
10.6736 0.425926
10.6522 0.425926
10.6415 0.444444
10.6522 0.462963
10.6736 0.462963
10.6629 0.481481
10.6736 0.5
10.695 0.5
10.7057 0.481481
10.7163 0.5
10.7377 0.5
10.7484 0.481481
10.7377 0.462963
10.7591 0.462963
10.7698 0.444444
10.7805 0.462963
10.8019 0.462963
10.7912 0.481481
10.8019 0.5
10.8233 0.5
10.834 0.481481
10.8446 0.5
10.866 0.5
10.8553 0.518519
10.866 0.537037
10.8446 0.537037
10.834 0.555556
10.8446 0.574074
10.866 0.574074
10.8553 0.592593
10.866 0.611111
10.8446 0.611111
10.834 0.62963
10.8233 0.611111
10.8019 0.611111
10.7912 0.62963
10.8019 0.648148
10.7805 0.648148
10.7698 0.666667
10.7805 0.685185
10.8019 0.685185
10.7912 0.703704
10.8019 0.722222
10.8233 0.722222
10.834 0.703704
10.8446 0.722222
10.866 0.722222
10.8553 0.740741
10.866 0.759259
10.8446 0.759259
10.834 0.777778
10.8446 0.796296
10.866 0.796296
10.8553 0.814815
10.866 0.833333
10.8446 0.833333
10.834 0.851852
10.8233 0.833333
10.8019 0.833333
10.7912 0.851852
10.8019 0.87037
10.7805 0.87037
10.7698 0.888889
10.7591 0.87037
10.7377 0.87037
10.7484 0.851852
10.7377 0.833333
10.7163 0.833333
10.7057 0.851852
10.695 0.833333
10.6736 0.833333
10.6629 0.851852
10.6736 0.87037
10.6522 0.87037
10.6415 0.888889
10.6522 0.907407
10.6736 0.907407
10.6629 0.925926
10.6736 0.944444
10.6522 0.944444
10.6415 0.962963
10.6308 0.944444
10.6094 0.944444
10.5987 0.962963
10.6094 0.981481
10.588 0.981481
10.5774 1
10.588 1.01852
10.6094 1.01852
10.5987 1.03704
10.6094 1.05556
10.6308 1.05556
10.6415 1.03704
10.6522 1.05556
10.6736 1.05556
10.6629 1.07407
10.6736 1.09259
10.6522 1.09259
10.6415 1.11111
10.6522 1.12963
10.6736 1.12963
10.6629 1.14815
10.6736 1.16667
10.695 1.16667
10.7057 1.14815
10.7163 1.16667
10.7377 1.16667
10.7484 1.14815
10.7377 1.12963
10.7591 1.12963
10.7698 1.11111
10.7805 1.12963
10.8019 1.12963
10.7912 1.14815
10.8019 1.16667
10.8233 1.16667
10.834 1.14815
10.8446 1.16667
10.866 1.16667
10.8553 1.18519
10.866 1.2037
10.8446 1.2037
10.834 1.22222
10.8446 1.24074
10.866 1.24074
10.8553 1.25926
10.866 1.27778
10.8446 1.27778
10.834 1.2963
10.8233 1.27778
10.8019 1.27778
10.7912 1.2963
10.8019 1.31481
10.7805 1.31481
10.7698 1.33333
10.7805 1.35185
10.8019 1.35185
10.7912 1.37037
10.8019 1.38889
10.8233 1.38889
10.834 1.37037
10.8446 1.38889
10.866 1.38889
10.8553 1.40741
10.866 1.42593
10.8446 1.42593
10.834 1.44444
10.8446 1.46296
10.866 1.46296
10.8553 1.48148
10.866 1.5
10.8446 1.5
10.834 1.51852
10.8233 1.5
10.8019 1.5
10.7912 1.51852
10.8019 1.53704
10.7805 1.53704
10.7698 1.55556
10.7591 1.53704
10.7377 1.53704
10.7484 1.51852
10.7377 1.5
10.7163 1.5
10.7057 1.51852
10.695 1.5
10.6736 1.5
10.6629 1.51852
10.6736 1.53704
10.6522 1.53704
10.6415 1.55556
10.6522 1.57407
10.6736 1.57407
10.6629 1.59259
10.6736 1.61111
10.6522 1.61111
10.6415 1.62963
10.6308 1.61111
10.6094 1.61111
10.5987 1.62963
10.6094 1.64815
10.588 1.64815
10.5774 1.66667
10.5667 1.64815
10.5453 1.64815
10.556 1.62963
10.5453 1.61111
10.5239 1.61111
10.5132 1.62963
10.5025 1.61111
10.4811 1.61111
10.4918 1.59259
10.4811 1.57407
10.5025 1.57407
10.5132 1.55556
10.5025 1.53704
10.4811 1.53704
10.4918 1.51852
10.4811 1.5
10.4597 1.5
10.4491 1.51852
10.4384 1.5
10.417 1.5
10.4063 1.51852
10.417 1.53704
10.3956 1.53704
10.3849 1.55556
10.3742 1.53704
10.3528 1.53704
10.3635 1.51852
10.3528 1.5
10.3314 1.5
10.3208 1.51852
10.3101 1.5
10.2887 1.5
10.278 1.51852
10.2887 1.53704
10.2673 1.53704
10.2566 1.55556
10.2673 1.57407
10.2887 1.57407
10.278 1.59259
10.2887 1.61111
10.2673 1.61111
10.2566 1.62963
10.2459 1.61111
10.2245 1.61111
10.2138 1.62963
10.2245 1.64815
10.2031 1.64815
10.1925 1.66667
10.2031 1.68519
10.2245 1.68519
10.2138 1.7037
10.2245 1.72222
10.2459 1.72222
10.2566 1.7037
10.2673 1.72222
10.2887 1.72222
10.278 1.74074
10.2887 1.75926
10.2673 1.75926
10.2566 1.77778
10.2673 1.7963
10.2887 1.7963
10.278 1.81481
10.2887 1.83333
10.2673 1.83333
10.2566 1.85185
10.2459 1.83333
10.2245 1.83333
10.2138 1.85185
10.2245 1.87037
10.2031 1.87037
10.1925 1.88889
10.1818 1.87037
10.1604 1.87037
10.1711 1.85185
10.1604 1.83333
10.139 1.83333
10.1283 1.85185
10.1176 1.83333
10.0962 1.83333
10.0855 1.85185
10.0962 1.87037
10.0748 1.87037
10.0642 1.88889
10.0748 1.90741
10.0962 1.90741
10.0855 1.92593
10.0962 1.94444
10.0748 1.94444
10.0642 1.96296
10.0535 1.94444
10.0321 1.94444
10.0214 1.96296
10.0321 1.98148
10.0107 1.98148
10 2


